215141775
215141776
215141777
215141778
215141779
215141780
215141781
215141782
215141783
215141784
215141785
215141786
215141787
215141788
215141789
215141790
215141791
215141792
215141793
215141794
215142196
215142197
215142198
215142201
215142204
215142206
215142207
215142210
215142213
215142216
215142499
215142500
215142501
215142502
215142503
215142504
215142505
215142506
215142507
215142508
215142509
215142510
215142606
215142607
215142667
215142668
215142669
215142670
215142671
215142672
215142673
215142674
215142675
215142676
215142677
215142678
215142679
215142680
215142681
215142808
215142809
215142810
215142811
215142851
215142852
215142853
215142854
215142855
216011304
216011305
216011306
216011307
216011308
216011309
216011310
216011311
216011312
216011313
216011314
216011315
216011316
216011317
225051138
225051139
225051140
225051141
225051142
226011295
226011296
226011297
226011298
226011299
226011300
226011301
226011302
226011303
226011304
226011305
226011306
226011307
226011308
226011309
226011310
226011311
226011312
226011313
226011314
226011315
226011316
226011317
226011318
226011319
226011320
226011321
226011322
226011323
236008951
236008952
236008953
236008954
236008955
236008956
236008957
236008958
236008959
236008960
236008961
236008962
236008963
236008964
236008970
245045132
245045218
245045219
255043293
255043294
255043295
265130682
265130683
265130684
